160.00 160.00
0 0.00 0.00 160.00 160.00
1 8.00 8.00 152.00 80.00
2 15.20 11.60 80.00 76.40
3 18.44 14.84 76.76 44.00
4 21.36 16.30 47.60 42.54
5 47.60 16.30 73.84 42.54
6 18.44 44.00 76.76 73.16
7 21.36 45.46 47.60 71.70
8 47.60 45.46 73.84 71.70
9 80.00 11.60 144.80 76.40
10 83.24 14.84 141.56 44.00
11 86.16 16.30 112.40 42.54
12 112.40 16.30 138.64 42.54
13 83.24 44.00 141.56 73.16
14 86.16 45.46 112.40 71.70
15 112.40 45.46 138.64 71.70
16 8.00 80.00 152.00 152.00
17 15.20 83.60 80.00 148.40
18 18.44 86.84 76.76 116.00
19 21.36 88.30 47.60 114.54
20 47.60 88.30 73.84 114.54
21 18.44 116.00 76.76 145.16
22 21.36 117.46 47.60 143.70
23 47.60 117.46 73.84 143.70
24 80.00 83.60 144.80 148.40
25 83.24 86.84 141.56 116.00
26 86.16 88.30 112.40 114.54
27 112.40 88.30 138.64 114.54
28 83.24 116.00 141.56 145.16
29 86.16 117.46 112.40 143.70
30 112.40 117.46 138.64 143.70
